255 255 255 255 255   0   0   0   0   0   0 255 255 255 255 255
255 255 255   0  46 152 205 232 231 205 152  46   0 255 255 255
255 255   0 125 231  46  46  46  46  46  46 232 125   0 255 255
255   0 125  45  46  46  46   0   0  46  46  46  45 125   0 255
255  46 231  46 197 255 159 156 255   0 201 175  46 232  46 255
  0 152 156 156 156 156 156 156   0   0 156 212  46  46 152   0
  0 255 156 255 156 156 156 255  21 255 156 254 156 156 255   0
  0 232  46 255 156 255 255 155 156 156 156 156 255 156 232   0
  0 231  46 156 156 156 156 156 255 156 255 156 160 255 232   0
  0 205  72 156 156 156 255 156 255 156 156 156 156 255 206   0
  0 151 255 156 255 156 251 156 156 156 255 255 255  93 152   0
255  47 156 156 164 255   0   0   0   0   0  46  46 232  47 255
255   0 156 156  46  46  46   0   0  46  46  46  45 125   0 255
255 255   0 125 232  46  46  46  46  46  46 232 125   0 255 255
255 255 255   0  46 152 206 232 232 206 152  47   0 255 255 255
255 255 255 255 255   0   0   0   0   0   0 255 255 255 255 255
255 255 255 255 255 243 243 243 243 243 243 255 255 255 255 255
255 255 255 243 243 247 251 253 253 251 247 243 243 255 255 255
255 255 243 246 253 123 123 123 123 123 123 253 246 243 255 255
255 243 246 122 123 123 123 243 243 123 123 123 122 246 243 255
255 243 253 123 218 255  78  73 255 243 154 108 123 253 243 255
243 247  73  73  73  73  73  73 243 243  73 252 123 123 247 243
243 255  73 255  73  73  73 255 243 255  73 254  73  73 255 243
243 253 123 255  73 255 255  72  73  73  72  73 255  73 253 243
243 253 123  73  73  73  73  73 255  73 255  73  81 255 253 243
243 251 110  73  73  73 255  73 255  73  73  73  73 255 251 243
243 247 255  73 255  73 248  73  73  73 255 255 255 101 247 243
255 243  73  73  86 255 243 243 243 243 243 123 123 253 243 255
255 243  73  73 123 123 123 243 243 123 123 123 122 246 243 255
255 255 243 246 253 123 123 123 123 123 123 253 246 243 255 255
255 255 255 243 243 247 251 253 253 251 247 243 243 255 255 255
255 255 255 255 255 243 243 243 243 243 243 255 255 255 255 255
255 255 255 255 255 254 254 254 254 254 254 255 255 255 255 255
255 255 255 254 254 254 255 255 255 255 254 254 254 255 255 255
255 255 254 255 255 244 244 244 244 244 244 255 255 254 255 255
255 254 255 244 244 244 244 254 254 244 244 244 244 255 254 255
255 254 255 244 251 255  37  29 255 254 131  73 244 255 254 255
254 254  29  29  29  29  29  29 254 254  29 254 244 244 255 254
254 255  29 255  29  29  29 255 254 255  29 254  29  29 255 254
254 255 244 255  29 255 255  28  29  29  28  29 255  29 255 254
254 255 244  29  29  29  29  29 255  29 255  29  39 255 255 254
254 255 194  29  29  29 255  29 255  29  29  29  29 255 255 254
254 254 255  29 255  29 247  29  29  29 255 255 255 155 254 254
255 254  29  29  46 255 254 254 254 254 254 244 244 255 254 255
255 254  29  29 244 244 244 254 254 244 244 244 244 255 254 255
255 255 254 255 255 244 244 244 244 244 244 255 255 254 255 255
255 255 255 254 254 254 255 255 255 255 254 254 254 255 255 255
255 255 255 255 255 254 254 254 254 254 254 255 255 255 255 255

255 255 255 255 255   0   0   1   1   0   0 255 255 255 255 255
255 255 255   0  46 153 255 232 232 206 153  46   0 255 255 255
255 255   0 126 233  46 156 156 255 255 100 232 125   0 255 255
255   0 125  45  46  46 156 255 162 156 255  46  45 125   0 255
255  47 233  46 179 205 255 156 156 156 255  46  46 232  46 255
  0 153  46  46 196 156 156 156 255 156 255   0  46  46 153   0
  0 206  46  46   0   0 255 156 156 156 156   0  46  46 206   0
  0 232  46   0 255   0  26 156 255 255 156   0   0  46 232   1
  0 232  46   0 156 156 255 156 156 156 156   0   0  46 232   1
  0 206  46  46 159 156 156 255 156 255 251   0  46  46 206   0
  0 152  46  46 255 156 156 255 156 156 156 255  46  46 153   0
255  47 232  46 204 156 156 156 156 156 255 163  46 233  46 255
255   0 126  45  46 156 255 255 156 156 156 156 156 126   0 255
255 255   0 126 232 156 156  46  46  70 255 156 156   0 255 255
255 255 255   0  47 152 255 232 232 206 152  47   0 255 255 255
255 255 255 255 255   0   0   0   0   0   0 255 255 255 255 255
255 255 255 255 255 243 243 243 243 243 243 255 255 255 255 255
255 255 255 243 243 247 255 253 253 251 247 243 243 255 255 255
255 255 243 246 253 123  73  73 255 255  99 253 246 243 255 255
255 243 246 122 123 123  73 255  83  73 255 123 122 246 243 255
255 243 253 123 115 252 255  73  73  73 255 123 123 253 243 255
243 247 123 123 145  73  73  73 255  73 255 243 123 123 247 243
243 251 123 123 243 243 255  73  73  73  73 243 123 123 251 243
243 253 123 243 255 243 244  73 255 255  73 243 243 123 253 243
243 253 123 243  73  73 255  72  73  73  73 243 243 123 253 243
243 251 123 123  78  73  73 255  73 255 248 243 123 123 251 243
243 247 123 123 255  73  73 255  73  73  73 255 123 123 247 243
255 243 253 123 223  73  73  73  73  73 255  84 123 253 243 255
255 243 246 122 123  73 255 255  73  73  73  73  73 246 243 255
255 255 243 246 253  73  73 123 123 112 255  73  73 243 255 255
255 255 255 243 243 247 255 253 253 251 247 243 243 255 255 255
255 255 255 255 255 243 243 243 243 243 243 255 255 255 255 255
255 255 255 255 255 254 254 255 255 254 254 255 255 255 255 255
255 255 255 254 255 255 255 255 255 255 255 255 254 255 255 255
255 255 254 255 255 244  29  29 255 255 144 255 255 254 255 255
255 254 255 244 244 244  29 255  42  29 255 244 244 255 254 255
255 255 255 244  82 255 255  29  29  29 255 244 244 255 255 255
254 255 244 244 119  29  29  29 255  29 255 254 244 244 255 254
254 255 244 244 254 254 255  29  29  29  29 254 244 244 255 254
254 255 244 254 255 254 254  29 255 255  29 254 254 244 255 255
254 255 244 254  29  29 255  28  29  29  29 254 254 244 255 255
254 255 244 244  36  29  29 255  29 255 247 254 244 244 255 254
254 255 244 244 255  29  29 255  29  29  29 255 244 244 255 254
255 255 255 244 252  29  29  29  29  29 255  43 244 255 255 255
255 254 255 244 244  29 255 255  29  29  29  29  29 255 254 255
255 255 254 255 255  29  29 244 244 199 255  29  29 254 255 255
255 255 255 254 255 255 255 255 255 255 255 255 254 255 255 255
255 255 255 255 255 254 254 254 254 254 254 255 255 255 255 255

255 255 255 255 255   0   0   1   1   0   0 255 255 255 255 255
255 255 255   0  46 153 206 232 232 206 153  46   0 255 255 255
255 255   0 125 232  46  46  46  46  46  46 233 126   0 255 255
255   0 125  45  46  46  46   0   0  46  46  46 156 156   0 255
255  46 232  46  46   0   0   0   0   0 255 163 156 156  47 255
  0 153 100 255 255 255 156 156 156 251 156 255 156 255 152   0
  0 206 255 156 156 156 156 255 156 255 156 156 156  70 206   0
  1 232 255 162 156 255 156 255 156 156 156 156 156  46 232   0
  1 232 156 255 156 156 156 156 156 255 255 156 255  46 232   0
  0 255 156 156 255 156 255  26 255 156 156 156 255 156 255   0
  0 153  46  46 205 156   0   0 156 156 156 156 156 156 152   0
255  46 233  46 179 196   0 255 156 159 255 204  46 232  47 255
255   0 126  45  46  46  46   0   0  46  46  46  45 126   0 255
255 255   0 125 233  46  46  46  46  46  46 232 126   0 255 255
255 255 255   0  47 153 206 232 232 206 152  47   0 255 255 255
255 255 255 255 255   0   0   0   0   0   0 255 255 255 255 255
255 255 255 255 255 243 243 243 243 243 243 255 255 255 255 255
255 255 255 243 243 247 251 253 253 251 247 243 243 255 255 255
255 255 243 246 253 123 123 123 123 123 123 253 246 243 255 255
255 243 246 122 123 123 123 243 243 123 123 123  73  73 243 255
255 243 253 123 123 243 243 243 243 243 255  84  73  73 243 255
243 247  99 255 255 255  73  73  73 248  73 255  73 255 247 243
243 251 255  73  73  73  73 255  73 255  73  73  73 112 251 243
243 253 255  83  73 255  73 255  73  73  73  73  73 123 253 243
243 253  73 255  73  73  73  73  72 255 255  73 255 123 253 243
243 255  73  73 255  73 255 244 255  73  73  73 255  73 255 243
243 247 123 123 252  73 243 243  73  73  73  73  73  73 247 243
255 243 253 123 115 145 243 255  73  78 255 223 123 253 243 255
255 243 246 122 123 123 123 243 243 123 123 123 122 246 243 255
255 255 243 246 253 123 123 123 123 123 123 253 246 243 255 255
255 255 255 243 243 247 251 253 253 251 247 243 243 255 255 255
255 255 255 255 255 243 243 243 243 243 243 255 255 255 255 255
255 255 255 255 255 254 254 255 255 254 254 255 255 255 255 255
255 255 255 254 255 255 255 255 255 255 255 255 254 255 255 255
255 255 254 255 255 244 244 244 244 244 244 255 255 254 255 255
255 254 255 244 244 244 244 254 254 244 244 244  29  29 254 255
255 255 255 244 244 254 254 254 254 254 255  43  29  29 255 255
254 255 144 255 255 255  29  29  29 247  29 255  29 255 255 254
254 255 255  29  29  29  29 255  29 255  29  29  29 199 255 254
255 255 255  42  29 255  29 255  29  29  29  29  29 244 255 254
255 255  29 255  29  29  29  29  28 255 255  29 255 244 255 254
254 255  29  29 255  29 255 254 255  29  29  29 255  29 255 254
254 255 244 244 255  29 254 254  29  29  29  29  29  29 255 254
255 255 255 244  82 119 254 255  29  36 255 252 244 255 255 255
255 254 255 244 244 244 244 254 254 244 244 244 244 255 254 255
255 255 254 255 255 244 244 244 244 244 244 255 255 254 255 255
255 255 255 254 255 255 255 255 255 255 255 255 254 255 255 255
255 255 255 255 255 254 254 254 254 254 254 255 255 255 255 255

255 255 255 255 255   0   0   0   0   0   0 255 255 255 255 255
255 255 255   0  47 152 206 232 232 255 152  47   0 255 255 255
255 255   0 156 156 255  70  46  46 156 156 232 126   0 255 255
255   0 126 156 156 156 156 156 255 255 156  46  45 126   0 255
255  46 233  46 163 255 156 156 156 156 156 204  46 232  47 255
  0 153  46  46 255 156 156 156 255 156 156 255  46  46 152   0
  0 206  46  46   0 251 255 156 255 156 156 159  46  46 206   0
  1 232  46   0   0 156 156 156 156 255 156 156   0  46 232   0
  1 232  46   0   0 156 255 255 156  26   0 255   0  46 232   0
  0 206  46  46   0 156 156 156 156 255   0   0  46  46 206   0
  0 153  46  46   0 255 156 255 156 156 156 196  46  46 153   0
255  46 232  46  46 255 156 156 156 255 205 179  46 233  47 255
255   0 125  45  46 255 156 162 255 156  46  46  45 125   0 255
255 255   0 125 232 100 255 255 156 156  46 233 126   0 255 255
255 255 255   0  46 153 206 232 232 255 153  46   0 255 255 255
255 255 255 255 255   0   0   1   1   0   0 255 255 255 255 255
255 255 255 255 255 243 243 243 243 243 243 255 255 255 255 255
255 255 255 243 243 247 251 253 253 255 247 243 243 255 255 255
255 255 243  73  73 255 112 123 123  73  73 253 246 243 255 255
255 243 246  73  73  73  73  73 255 255  73 123 122 246 243 255
255 243 253 123  84 255  73  73  73  73  73 223 123 253 243 255
243 247 123 123 255  73  73  73 255  73  73 255 123 123 247 243
243 251 123 123 243 248 255  73 255  73  73  78 123 123 251 243
243 253 123 243 243  73  73  73  72 255  73  73 243 123 253 243
243 253 123 243 243  73 255 255  73 244 243 255 243 123 253 243
243 251 123 123 243  73  73  73  73 255 243 243 123 123 251 243
243 247 123 123 243 255  73 255  73  73  73 145 123 123 247 243
255 243 253 123 123 255  73  73  73 255 252 115 123 253 243 255
255 243 246 122 123 255  73  83 255  73 123 123 122 246 243 255
255 255 243 246 253  99 255 255  73  73 123 253 246 243 255 255
255 255 255 243 243 247 251 253 253 255 247 243 243 255 255 255
255 255 255 255 255 243 243 243 243 243 243 255 255 255 255 255
255 255 255 255 255 254 254 254 254 254 254 255 255 255 255 255
255 255 255 254 255 255 255 255 255 255 255 255 254 255 255 255
255 255 254  29  29 255 199 244 244  29  29 255 255 254 255 255
255 254 255  29  29  29  29  29 255 255  29 244 244 255 254 255
255 255 255 244  43 255  29  29  29  29  29 252 244 255 255 255
254 255 244 244 255  29  29  29 255  29  29 255 244 244 255 254
254 255 244 244 254 247 255  29 255  29  29  36 244 244 255 254
255 255 244 254 254  29  29  29  28 255  29  29 254 244 255 254
255 255 244 254 254  29 255 255  29 254 254 255 254 244 255 254
254 255 244 244 254  29  29  29  29 255 254 254 244 244 255 254
254 255 244 244 254 255  29 255  29  29  29 119 244 244 255 254
255 255 255 244 244 255  29  29  29 255 255  82 244 255 255 255
255 254 255 244 244 255  29  42 255  29 244 244 244 255 254 255
255 255 254 255 255 144 255 255  29  29 244 255 255 254 255 255
255 255 255 254 255 255 255 255 255 255 255 255 254 255 255 255
255 255 255 255 255 254 254 255 255 254 254 255 255 255 255 255
